1.00000                       0.00000                      71.00000                       0.00089                       0.06376
2.00000                       0.03333                      60.00000                       0.00091                       0.02123
3.00000                       0.06667                      57.00000                       0.00092                       0.00713
4.00000                       0.10000                      54.00000                       0.00088                       0.00571
5.00000                       0.13333                      50.00000                       0.00097                       0.00582
6.00000                       0.16667                      47.00000                       0.00093                       0.00512
7.00000                       0.20000                      44.00000                       0.00090                       0.00417
8.00000                       0.23333                      41.00000                       0.00089                       0.00334
9.00000                       0.26667                      38.00000                       0.00089                       0.00273
10.00000                       0.30000                      35.00000                       0.00089                       0.00234
11.00000                       0.33333                      32.00000                       0.00092                       0.00217
12.00000                       0.36667                      29.00000                       0.00095                       0.00211
13.00000                       0.40000                      27.00000                       0.00088                       0.00211
14.00000                       0.43333                      24.00000                       0.00094                       0.00213
15.00000                       0.46667                      22.00000                       0.00091                       0.00218
16.00000                       0.50000                      20.00000                       0.00088                       0.00224
17.00000                       0.53333                      18.00000                       0.00089                       0.00228
18.00000                       0.56667                      16.00000                       0.00092                       0.00231
19.00000                       0.60000                      14.00000                       0.00098                       0.00233
20.00000                       0.63333                      13.00000                       0.00094                       0.00234
21.00000                       0.66667                      12.00000                       0.00090                       0.00235
22.00000                       0.70000                      11.00000                       0.00089                       0.00234
23.00000                       0.73333                      10.00000                       0.00091                       0.00234
24.00000                       0.76667                       9.00000                       0.00097                       0.00233
25.00000                       0.80000                       9.00000                       0.00090                       0.00232
26.00000                       0.83333                       8.00000                       0.00097                       0.00232
27.00000                       0.86667                       8.00000                       0.00095                       0.00231
28.00000                       0.90000                       8.00000                       0.00090                       0.00231
29.00000                       0.93333                       8.00000                       0.00085                       0.00230
30.00000                       0.96667                       7.00000                       0.00099                       0.00230
31.00000                       1.00000                       8.00000                       0.00084                       0.00229
32.00000                       1.03333                       7.00000                       0.00096                       0.00229
33.00000                       1.06667                       7.00000                       0.00099                       0.00228
34.00000                       1.10000                       7.00000                       0.00099                       0.00228
35.00000                       1.13333                       7.00000                       0.00098                       0.00227
36.00000                       1.16667                       7.00000                       0.00098                       0.00227
37.00000                       1.20000                       7.00000                       0.00098                       0.00226
38.00000                       1.23333                       7.00000                       0.00097                       0.00225
39.00000                       1.26667                       7.00000                       0.00097                       0.00224
40.00000                       1.30000                       7.00000                       0.00097                       0.00223
41.00000                       1.33333                       7.00000                       0.00097                       0.00222
42.00000                       1.36667                       7.00000                       0.00097                       0.00221
43.00000                       1.40000                       7.00000                       0.00098                       0.00220
44.00000                       1.43333                       7.00000                       0.00098                       0.00219
45.00000                       1.46667                       7.00000                       0.00098                       0.00218
46.00000                       1.50000                       7.00000                       0.00098                       0.00217
47.00000                       1.53333                       7.00000                       0.00098                       0.00216
48.00000                       1.56667                       7.00000                       0.00099                       0.00214
49.00000                       1.60000                       7.00000                       0.00099                       0.00213
50.00000                       1.63333                       7.00000                       0.00099                       0.00212
51.00000                       1.66667                       7.00000                       0.00099                       0.00210
52.00000                       1.70000                       7.00000                       0.00099                       0.00209
53.00000                       1.73333                       7.00000                       0.00099                       0.00208
54.00000                       1.76667                       7.00000                       0.00099                       0.00206
55.00000                       1.80000                       7.00000                       0.00100                       0.00205
56.00000                       1.83333                       7.00000                       0.00100                       0.00203
57.00000                       1.86667                       7.00000                       0.00100                       0.00202
58.00000                       1.90000                       7.00000                       0.00100                       0.00200
59.00000                       1.93333                       7.00000                       0.00100                       0.00198
60.00000                       1.96667                       7.00000                       0.00100                       0.00196
61.00000                       2.00000                       7.00000                       0.00100                       0.00195
62.00000                       2.03333                       7.00000                       0.00100                       0.00193
63.00000                       2.06667                       7.00000                       0.00100                       0.00191
64.00000                       2.10000                       7.00000                       0.00100                       0.00189
65.00000                       2.13333                       7.00000                       0.00100                       0.00187
66.00000                       2.16667                       7.00000                       0.00100                       0.00185
67.00000                       2.20000                       7.00000                       0.00100                       0.00183
68.00000                       2.23333                       7.00000                       0.00099                       0.00182
69.00000                       2.26667                       7.00000                       0.00099                       0.00180
70.00000                       2.30000                       7.00000                       0.00099                       0.00179
71.00000                       2.33333                       7.00000                       0.00099                       0.00177
72.00000                       2.36667                       7.00000                       0.00099                       0.00175
73.00000                       2.40000                       7.00000                       0.00099                       0.00173
74.00000                       2.43333                       7.00000                       0.00098                       0.00172
75.00000                       2.46667                       7.00000                       0.00098                       0.00171
76.00000                       2.50000                       7.00000                       0.00098                       0.00169
77.00000                       2.53333                       7.00000                       0.00098                       0.00168
78.00000                       2.56667                       7.00000                       0.00097                       0.00167
79.00000                       2.60000                       7.00000                       0.00097                       0.00166
80.00000                       2.63333                       7.00000                       0.00097                       0.00164
81.00000                       2.66667                       7.00000                       0.00096                       0.00163
82.00000                       2.70000                       7.00000                       0.00096                       0.00161
83.00000                       2.73333                       7.00000                       0.00095                       0.00160
84.00000                       2.76667                       7.00000                       0.00095                       0.00159
85.00000                       2.80000                       7.00000                       0.00095                       0.00157
86.00000                       2.83333                       7.00000                       0.00094                       0.00156
87.00000                       2.86667                       7.00000                       0.00094                       0.00154
88.00000                       2.90000                       7.00000                       0.00093                       0.00153
89.00000                       2.93333                       7.00000                       0.00093                       0.00151
90.00000                       2.96667                       7.00000                       0.00092                       0.00150
91.00000                       3.00000                       7.00000                       0.00092                       0.00149
92.00000                       3.03333                       7.00000                       0.00091                       0.00147
93.00000                       3.06667                       7.00000                       0.00091                       0.00146
94.00000                       3.10000                       7.00000                       0.00090                       0.00144
95.00000                       3.13333                       7.00000                       0.00089                       0.00143
96.00000                       3.16667                       7.00000                       0.00089                       0.00141
97.00000                       3.20000                       7.00000                       0.00088                       0.00139
98.00000                       3.23333                       7.00000                       0.00088                       0.00138
99.00000                       3.26666                       7.00000                       0.00087                       0.00136
100.00000                       3.30000                       7.00000                       0.00086                       0.00135
101.00000                       3.33333                       7.00000                       0.00086                       0.00133
102.00000                       3.36666                       7.00000                       0.00085                       0.00132
103.00000                       3.40000                       6.00000                       0.00100                       0.00130
104.00000                       3.43333                       7.00000                       0.00090                       0.00128
105.00000                       3.46666                       7.00000                       0.00085                       0.00127
106.00000                       3.50000                       6.00000                       0.00098                       0.00126
107.00000                       3.53333                       7.00000                       0.00088                       0.00124
108.00000                       3.56666                       6.00000                       0.00098                       0.00123
109.00000                       3.60000                       7.00000                       0.00087                       0.00122
110.00000                       3.63333                       6.00000                       0.00097                       0.00120
111.00000                       3.66666                       7.00000                       0.00085                       0.00120
112.00000                       3.70000                       6.00000                       0.00095                       0.00119
113.00000                       3.73333                       6.00000                       0.00099                       0.00119
114.00000                       3.76666                       7.00000                       0.00085                       0.00120
115.00000                       3.80000                       6.00000                       0.00093                       0.00121
116.00000                       3.83333                       6.00000                       0.00097                       0.00121
117.00000                       3.86666                       6.00000                       0.00098                       0.00122
118.00000                       3.90000                       6.00000                       0.00098                       0.00122
119.00000                       3.93333                       6.00000                       0.00098                       0.00123
120.00000                       3.96666                       6.00000                       0.00097                       0.00123
121.00000                       4.00000                       6.00000                       0.00096                       0.00124
122.00000                       4.03333                       6.00000                       0.00095                       0.00124
123.00000                       4.06666                       6.00000                       0.00095                       0.00124
124.00000                       4.10000                       6.00000                       0.00094                       0.00125
125.00000                       4.13333                       6.00000                       0.00093                       0.00125
126.00000                       4.16666                       6.00000                       0.00093                       0.00125
127.00000                       4.20000                       6.00000                       0.00093                       0.00125
128.00000                       4.23333                       6.00000                       0.00092                       0.00126
129.00000                       4.26666                       6.00000                       0.00092                       0.00126
130.00000                       4.30000                       6.00000                       0.00091                       0.00126
131.00000                       4.33333                       6.00000                       0.00091                       0.00126
132.00000                       4.36666                       6.00000                       0.00090                       0.00125
133.00000                       4.40000                       6.00000                       0.00090                       0.00125
134.00000                       4.43333                       6.00000                       0.00090                       0.00125
135.00000                       4.46666                       6.00000                       0.00089                       0.00125
136.00000                       4.50000                       6.00000                       0.00089                       0.00124
137.00000                       4.53333                       6.00000                       0.00089                       0.00124
138.00000                       4.56666                       6.00000                       0.00088                       0.00123
139.00000                       4.60000                       6.00000                       0.00088                       0.00123
140.00000                       4.63333                       6.00000                       0.00088                       0.00122
141.00000                       4.66666                       6.00000                       0.00087                       0.00122
142.00000                       4.70000                       6.00000                       0.00087                       0.00121
143.00000                       4.73333                       6.00000                       0.00087                       0.00121
144.00000                       4.76666                       6.00000                       0.00087                       0.00120
145.00000                       4.80000                       6.00000                       0.00087                       0.00119
146.00000                       4.83333                       6.00000                       0.00086                       0.00118
147.00000                       4.86666                       6.00000                       0.00086                       0.00117
148.00000                       4.90000                       6.00000                       0.00086                       0.00117
149.00000                       4.93333                       6.00000                       0.00086                       0.00116
150.00000                       4.96666                       6.00000                       0.00085                       0.00115
151.00000                       5.00000                       6.00000                       0.00085                       0.00114
152.00000                       5.03333                       6.00000                       0.00085                       0.00113
153.00000                       5.06666                       6.00000                       0.00085                       0.00112
154.00000                       5.10000                       6.00000                       0.00085                       0.00111
155.00000                       5.13333                       6.00000                       0.00085                       0.00110
156.00000                       5.16666                       6.00000                       0.00084                       0.00110
157.00000                       5.20000                       6.00000                       0.00084                       0.00109
158.00000                       5.23333                       6.00000                       0.00084                       0.00108
159.00000                       5.26666                       6.00000                       0.00084                       0.00107
160.00000                       5.30000                       6.00000                       0.00083                       0.00106
161.00000                       5.33333                       6.00000                       0.00083                       0.00105
162.00000                       5.36666                       6.00000                       0.00083                       0.00104
163.00000                       5.40000                       6.00000                       0.00083                       0.00104
164.00000                       5.43333                       6.00000                       0.00082                       0.00103
165.00000                       5.46666                       6.00000                       0.00082                       0.00102
166.00000                       5.50000                       6.00000                       0.00082                       0.00101
167.00000                       5.53333                       6.00000                       0.00082                       0.00101
168.00000                       5.56666                       6.00000                       0.00081                       0.00100
169.00000                       5.60000                       6.00000                       0.00081                       0.00100
170.00000                       5.63333                       6.00000                       0.00080                       0.00099
171.00000                       5.66666                       6.00000                       0.00080                       0.00098
172.00000                       5.70000                       6.00000                       0.00080                       0.00098
173.00000                       5.73333                       6.00000                       0.00079                       0.00097
174.00000                       5.76666                       6.00000                       0.00079                       0.00096
175.00000                       5.80000                       6.00000                       0.00078                       0.00095
176.00000                       5.83333                       6.00000                       0.00078                       0.00094
177.00000                       5.86666                       6.00000                       0.00077                       0.00093
178.00000                       5.90000                       6.00000                       0.00077                       0.00092
179.00000                       5.93333                       6.00000                       0.00077                       0.00091
180.00000                       5.96666                       6.00000                       0.00076                       0.00090
181.00000                       6.00000                       6.00000                       0.00075                       0.00090
182.00000                       6.03333                       6.00000                       0.00075                       0.00089
183.00000                       6.06666                       6.00000                       0.00074                       0.00089
184.00000                       6.10000                       6.00000                       0.00074                       0.00088
185.00000                       6.13333                       6.00000                       0.00073                       0.00088
186.00000                       6.16666                       6.00000                       0.00072                       0.00087
187.00000                       6.20000                       5.00000                       0.00100                       0.00086
188.00000                       6.23333                       6.00000                       0.00076                       0.00085
189.00000                       6.26666                       5.00000                       0.00099                       0.00085
190.00000                       6.30000                       6.00000                       0.00075                       0.00084
191.00000                       6.33333                       5.00000                       0.00097                       0.00083
192.00000                       6.36666                       6.00000                       0.00073                       0.00082
193.00000                       6.40000                       5.00000                       0.00095                       0.00081
194.00000                       6.43333                       5.00000                       0.00099                       0.00080
195.00000                       6.46666                       5.00000                       0.00099                       0.00079
196.00000                       6.50000                       5.00000                       0.00098                       0.00078
197.00000                       6.53333                       5.00000                       0.00097                       0.00077
198.00000                       6.56666                       5.00000                       0.00095                       0.00076
199.00000                       6.60000                       5.00000                       0.00094                       0.00076
200.00000                       6.63333                       5.00000                       0.00093                       0.00075
201.00000                       6.66666                       5.00000                       0.00092                       0.00074
202.00000                       6.70000                       5.00000                       0.00090                       0.00073
203.00000                       6.73333                       5.00000                       0.00089                       0.00073
204.00000                       6.76666                       5.00000                       0.00088                       0.00072
205.00000                       6.79999                       5.00000                       0.00086                       0.00071
206.00000                       6.83333                       5.00000                       0.00085                       0.00071
207.00000                       6.86666                       5.00000                       0.00084                       0.00070
208.00000                       6.89999                       5.00000                       0.00083                       0.00069
209.00000                       6.93333                       5.00000                       0.00081                       0.00068
210.00000                       6.96666                       5.00000                       0.00080                       0.00067
211.00000                       6.99999                       5.00000                       0.00079                       0.00067
212.00000                       7.03333                       5.00000                       0.00077                       0.00066
213.00000                       7.06666                       5.00000                       0.00076                       0.00065
214.00000                       7.09999                       5.00000                       0.00074                       0.00064
215.00000                       7.13333                       5.00000                       0.00073                       0.00063
216.00000                       7.16666                       5.00000                       0.00072                       0.00062
217.00000                       7.19999                       5.00000                       0.00070                       0.00061
218.00000                       7.23333                       5.00000                       0.00069                       0.00060
219.00000                       7.26666                       5.00000                       0.00068                       0.00060
220.00000                       7.29999                       4.00000                       0.00099                       0.00059
221.00000                       7.33333                       5.00000                       0.00069                       0.00058
222.00000                       7.36666                       4.00000                       0.00097                       0.00058
223.00000                       7.39999                       4.00000                       0.00096                       0.00057
224.00000                       7.43333                       4.00000                       0.00095                       0.00056
225.00000                       7.46666                       4.00000                       0.00094                       0.00055
226.00000                       7.49999                       4.00000                       0.00091                       0.00055
227.00000                       7.53333                       4.00000                       0.00089                       0.00055
228.00000                       7.56666                       4.00000                       0.00087                       0.00054
229.00000                       7.59999                       4.00000                       0.00085                       0.00054
230.00000                       7.63333                       4.00000                       0.00083                       0.00053
231.00000                       7.66666                       4.00000                       0.00081                       0.00053
232.00000                       7.69999                       4.00000                       0.00079                       0.00053
233.00000                       7.73333                       4.00000                       0.00077                       0.00053
234.00000                       7.76666                       4.00000                       0.00076                       0.00052
235.00000                       7.79999                       4.00000                       0.00074                       0.00052
236.00000                       7.83333                       4.00000                       0.00072                       0.00052
237.00000                       7.86666                       4.00000                       0.00070                       0.00052
238.00000                       7.89999                       4.00000                       0.00069                       0.00052
239.00000                       7.93333                       4.00000                       0.00067                       0.00052
240.00000                       7.96666                       3.00000                       0.00100                       0.00052
241.00000                       7.99999                       4.00000                       0.00070                       0.00052
242.00000                       8.03333                       4.00000                       0.00066                       0.00052
243.00000                       8.06666                       3.00000                       0.00092                       0.00052
244.00000                       8.09999                       3.00000                       0.00096                       0.00052
245.00000                       8.13333                       3.00000                       0.00095                       0.00051
246.00000                       8.16666                       3.00000                       0.00091                       0.00051
247.00000                       8.20000                       3.00000                       0.00089                       0.00051
248.00000                       8.23333                       3.00000                       0.00086                       0.00051
249.00000                       8.26666                       3.00000                       0.00083                       0.00051
250.00000                       8.30000                       3.00000                       0.00081                       0.00051
251.00000                       8.33333                       3.00000                       0.00079                       0.00051
252.00000                       8.36666                       3.00000                       0.00077                       0.00051
253.00000                       8.40000                       3.00000                       0.00075                       0.00051
254.00000                       8.43333                       3.00000                       0.00073                       0.00051
255.00000                       8.46667                       3.00000                       0.00071                       0.00050
256.00000                       8.50000                       3.00000                       0.00069                       0.00050
257.00000                       8.53333                       3.00000                       0.00068                       0.00050
258.00000                       8.56667                       3.00000                       0.00066                       0.00050
259.00000                       8.60000                       3.00000                       0.00064                       0.00049
260.00000                       8.63334                       3.00000                       0.00062                       0.00049
261.00000                       8.66667                       3.00000                       0.00061                       0.00048
262.00000                       8.70000                       3.00000                       0.00059                       0.00048
263.00000                       8.73334                       3.00000                       0.00058                       0.00048
264.00000                       8.76667                       3.00000                       0.00056                       0.00047
265.00000                       8.80000                       2.00000                       0.00098                       0.00047
266.00000                       8.83334                       3.00000                       0.00068                       0.00047
267.00000                       8.86667                       2.00000                       0.00099                       0.00046
268.00000                       8.90001                       3.00000                       0.00063                       0.00047
269.00000                       8.93334                       2.00000                       0.00095                       0.00046
270.00000                       8.96667                       3.00000                       0.00059                       0.00046
271.00000                       9.00001                       2.00000                       0.00091                       0.00046
272.00000                       9.03334                       3.00000                       0.00055                       0.00046
273.00000                       9.06667                       2.00000                       0.00087                       0.00046
274.00000                       9.10001                       2.00000                       0.00097                       0.00046
275.00000                       9.13334                       2.00000                       0.00096                       0.00046
276.00000                       9.16668                       2.00000                       0.00088                       0.00046
277.00000                       9.20001                       2.00000                       0.00085                       0.00046
278.00000                       9.23334                       2.00000                       0.00085                       0.00046
279.00000                       9.26668                       2.00000                       0.00083                       0.00045
280.00000                       9.30001                       2.00000                       0.00082                       0.00045
281.00000                       9.33334                       2.00000                       0.00081                       0.00045
282.00000                       9.36668                       2.00000                       0.00080                       0.00045
283.00000                       9.40001                       2.00000                       0.00079                       0.00044
284.00000                       9.43335                       2.00000                       0.00078                       0.00044
285.00000                       9.46668                       2.00000                       0.00078                       0.00044
286.00000                       9.50001                       2.00000                       0.00077                       0.00043
287.00000                       9.53335                       2.00000                       0.00077                       0.00043
288.00000                       9.56668                       2.00000                       0.00077                       0.00042
289.00000                       9.60001                       2.00000                       0.00076                       0.00042
290.00000                       9.63335                       2.00000                       0.00077                       0.00041
291.00000                       9.66668                       2.00000                       0.00077                       0.00041
292.00000                       9.70002                       2.00000                       0.00077                       0.00040
293.00000                       9.73335                       2.00000                       0.00077                       0.00040
294.00000                       9.76668                       2.00000                       0.00078                       0.00039
295.00000                       9.80002                       2.00000                       0.00078                       0.00038
296.00000                       9.83335                       2.00000                       0.00078                       0.00038
297.00000                       9.86668                       2.00000                       0.00079                       0.00037
298.00000                       9.90002                       2.00000                       0.00079                       0.00037
299.00000                       9.93335                       2.00000                       0.00080                       0.00037
300.00000                       9.96669                       2.00000                       0.00081                       0.00036
301.00000                      10.00002                       2.00000                       0.00081                       0.00036
302.00000                      10.03335                       2.00000                       0.00082                       0.00036
303.00000                      10.06669                       2.00000                       0.00083                       0.00035
304.00000                      10.10002                       2.00000                       0.00083                       0.00035
305.00000                      10.13336                       2.00000                       0.00084                       0.00034
306.00000                      10.16669                       2.00000                       0.00084                       0.00034
307.00000                      10.20002                       2.00000                       0.00085                       0.00033
308.00000                      10.23336                       2.00000                       0.00085                       0.00033
309.00000                      10.26669                       2.00000                       0.00086                       0.00032
310.00000                      10.30002                       2.00000                       0.00087                       0.00032
311.00000                      10.33336                       2.00000                       0.00087                       0.00032
312.00000                      10.36669                       2.00000                       0.00087                       0.00031
313.00000                      10.40003                       2.00000                       0.00088                       0.00031
314.00000                      10.43336                       2.00000                       0.00088                       0.00031
315.00000                      10.46669                       2.00000                       0.00088                       0.00031
316.00000                      10.50003                       2.00000                       0.00088                       0.00031
317.00000                      10.53336                       2.00000                       0.00089                       0.00030
318.00000                      10.56669                       2.00000                       0.00089                       0.00030
319.00000                      10.60003                       2.00000                       0.00089                       0.00030
320.00000                      10.63336                       2.00000                       0.00088                       0.00030
321.00000                      10.66670                       2.00000                       0.00088                       0.00030
322.00000                      10.70003                       2.00000                       0.00088                       0.00030
323.00000                      10.73336                       2.00000                       0.00088                       0.00030
324.00000                      10.76670                       2.00000                       0.00088                       0.00030
325.00000                      10.80003                       2.00000                       0.00087                       0.00029
326.00000                      10.83336                       2.00000                       0.00087                       0.00029
327.00000                      10.86670                       2.00000                       0.00086                       0.00029
328.00000                      10.90003                       2.00000                       0.00086                       0.00029
329.00000                      10.93337                       2.00000                       0.00085                       0.00029
330.00000                      10.96670                       2.00000                       0.00084                       0.00029
331.00000                      11.00003                       2.00000                       0.00084                       0.00029
332.00000                      11.03337                       2.00000                       0.00083                       0.00029
333.00000                      11.06670                       2.00000                       0.00082                       0.00028
334.00000                      11.10003                       2.00000                       0.00081                       0.00028
335.00000                      11.13337                       2.00000                       0.00080                       0.00028
336.00000                      11.16670                       2.00000                       0.00079                       0.00028
337.00000                      11.20004                       2.00000                       0.00078                       0.00027
338.00000                      11.23337                       2.00000                       0.00077                       0.00027
339.00000                      11.26670                       2.00000                       0.00076                       0.00027
340.00000                      11.30004                       2.00000                       0.00075                       0.00027
341.00000                      11.33337                       2.00000                       0.00073                       0.00026
342.00000                      11.36670                       2.00000                       0.00072                       0.00026
343.00000                      11.40004                       2.00000                       0.00071                       0.00026
344.00000                      11.43337                       2.00000                       0.00070                       0.00026
345.00000                      11.46671                       2.00000                       0.00068                       0.00026
346.00000                      11.50004                       1.00000                       0.00098                       0.00025
347.00000                      11.53337                       2.00000                       0.00081                       0.00026
348.00000                      11.56671                       2.00000                       0.00076                       0.00026
349.00000                      11.60004                       2.00000                       0.00075                       0.00026
350.00000                      11.63338                       1.00000                       0.00097                       0.00026
351.00000                      11.66671                       2.00000                       0.00076                       0.00026
352.00000                      11.70004                       2.00000                       0.00070                       0.00026
353.00000                      11.73338                       2.00000                       0.00067                       0.00026
354.00000                      11.76671                       1.00000                       0.00087                       0.00027
355.00000                      11.80004                       2.00000                       0.00068                       0.00027
356.00000                      11.83338                       1.00000                       0.00095                       0.00027
357.00000                      11.86671                       2.00000                       0.00074                       0.00027
358.00000                      11.90005                       1.00000                       0.00098                       0.00027
359.00000                      11.93338                       2.00000                       0.00073                       0.00027
360.00000                      11.96671                       1.00000                       0.00097                       0.00027
361.00000                      12.00005                       2.00000                       0.00070                       0.00027
362.00000                      12.03338                       1.00000                       0.00094                       0.00026
363.00000                      12.06671                       1.00000                       0.00098                       0.00026
364.00000                      12.10005                       2.00000                       0.00078                       0.00026
365.00000                      12.13338                       1.00000                       0.00099                       0.00026
366.00000                      12.16672                       2.00000                       0.00069                       0.00026
367.00000                      12.20005                       1.00000                       0.00093                       0.00025
368.00000                      12.23338                       2.00000                       0.00064                       0.00025
369.00000                      12.26672                       1.00000                       0.00087                       0.00025
370.00000                      12.30005                       1.00000                       0.00098                       0.00025
371.00000                      12.33338                       2.00000                       0.00073                       0.00025
372.00000                      12.36672                       1.00000                       0.00096                       0.00025
373.00000                      12.40005                       2.00000                       0.00059                       0.00025
374.00000                      12.43339                       1.00000                       0.00083                       0.00025
375.00000                      12.46672                       1.00000                       0.00095                       0.00025
376.00000                      12.50005                       2.00000                       0.00065                       0.00025
377.00000                      12.53339                       1.00000                       0.00092                       0.00024
378.00000                      12.56672                       2.00000                       0.00055                       0.00024
379.00000                      12.60005                       1.00000                       0.00083                       0.00024
380.00000                      12.63339                       1.00000                       0.00093                       0.00024
381.00000                      12.66672                       2.00000                       0.00062                       0.00023
382.00000                      12.70006                       1.00000                       0.00088                       0.00023
383.00000                      12.73339                       1.00000                       0.00099                       0.00023
384.00000                      12.76672                       2.00000                       0.00061                       0.00022
385.00000                      12.80006                       1.00000                       0.00076                       0.00022
386.00000                      12.83339                       1.00000                       0.00083                       0.00022
387.00000                      12.86672                       1.00000                       0.00096                       0.00022
388.00000                      12.90006                       1.00000                       0.00100                       0.00022
389.00000                      12.93339                       2.00000                       0.00061                       0.00022
390.00000                      12.96673                       1.00000                       0.00089                       0.00022
391.00000                      13.00006                       2.00000                       0.00061                       0.00022
392.00000                      13.03339                       1.00000                       0.00093                       0.00022
393.00000                      13.06673                       2.00000                       0.00051                       0.00021
394.00000                      13.10006                       1.00000                       0.00083                       0.00021
395.00000                      13.13340                       1.00000                       0.00089                       0.00021
396.00000                      13.16673                       2.00000                       0.00056                       0.00021
397.00000                      13.20006                       1.00000                       0.00061                       0.00021
398.00000                      13.23340                       1.00000                       0.00082                       0.00021
399.00000                      13.26673                       1.00000                       0.00099                       0.00021
400.00000                      13.30006                       2.00000                       0.00057                       0.00021
401.00000                      13.33340                       1.00000                       0.00075                       0.00020
402.00000                      13.36673                       1.00000                       0.00099                       0.00020
403.00000                      13.40007                       2.00000                       0.00063                       0.00020
404.00000                      13.43340                       1.00000                       0.00080                       0.00020
405.00000                      13.46673                       2.00000                       0.00050                       0.00019
406.00000                      13.50007                       1.00000                       0.00076                       0.00019
407.00000                      13.53340                       1.00000                       0.00081                       0.00019
408.00000                      13.56673                       1.00000                       0.00093                       0.00018
409.00000                      13.60007                       1.00000                       0.00097                       0.00018
410.00000                      13.63340                       2.00000                       0.00059                       0.00017
411.00000                      13.66674                       1.00000                       0.00069                       0.00017
412.00000                      13.70007                       1.00000                       0.00086                       0.00017
413.00000                      13.73340                       2.00000                       0.00057                       0.00017
414.00000                      13.76674                       1.00000                       0.00070                       0.00016
415.00000                      13.80007                       1.00000                       0.00089                       0.00016
416.00000                      13.83340                       2.00000                       0.00060                       0.00016
417.00000                      13.86674                       1.00000                       0.00075                       0.00016
418.00000                      13.90007                       1.00000                       0.00086                       0.00016
419.00000                      13.93341                       2.00000                       0.00053                       0.00016
420.00000                      13.96674                       1.00000                       0.00070                       0.00016
421.00000                      14.00007                       1.00000                       0.00086                       0.00016
422.00000                      14.03341                       1.00000                       0.00097                       0.00016
423.00000                      14.06674                       1.00000                       0.00093                       0.00016
424.00000                      14.10007                       2.00000                       0.00056                       0.00015
425.00000                      14.13341                       1.00000                       0.00066                       0.00015
426.00000                      14.16674                       1.00000                       0.00075                       0.00015
427.00000                      14.20008                       1.00000                       0.00087                       0.00015
428.00000                      14.23341                       1.00000                       0.00091                       0.00015
429.00000                      14.26674                       2.00000                       0.00058                       0.00014
430.00000                      14.30008                       1.00000                       0.00062                       0.00014
431.00000                      14.33341                       1.00000                       0.00068                       0.00014
432.00000                      14.36674                       1.00000                       0.00079                       0.00014
433.00000                      14.40008                       1.00000                       0.00084                       0.00014
434.00000                      14.43341                       1.00000                       0.00094                       0.00014
435.00000                      14.46675                       2.00000                       0.00062                       0.00014
436.00000                      14.50008                       1.00000                       0.00072                       0.00014
437.00000                      14.53341                       1.00000                       0.00082                       0.00014
438.00000                      14.56675                       1.00000                       0.00096                       0.00014
439.00000                      14.60008                       1.00000                       0.00096                       0.00014
440.00000                      14.63342                       2.00000                       0.00060                       0.00014
441.00000                      14.66675                       1.00000                       0.00071                       0.00014
442.00000                      14.70008                       1.00000                       0.00068                       0.00014
443.00000                      14.73342                       1.00000                       0.00075                       0.00014
444.00000                      14.76675                       1.00000                       0.00078                       0.00014
445.00000                      14.80008                       1.00000                       0.00086                       0.00013
446.00000                      14.83342                       1.00000                       0.00099                       0.00013
447.00000                      14.86675                       2.00000                       0.00059                       0.00013
448.00000                      14.90009                       1.00000                       0.00067                       0.00013
449.00000                      14.93342                       1.00000                       0.00078                       0.00013
450.00000                      14.96675                       1.00000                       0.00096                       0.00013
451.00000                      15.00009                       1.00000                       0.00098                       0.00012
452.00000                      15.03342                       1.00000                       0.00088                       0.00012
453.00000                      15.06675                       2.00000                       0.00058                       0.00012
454.00000                      15.10009                       1.00000                       0.00059                       0.00012
455.00000                      15.13342                       1.00000                       0.00068                       0.00012
456.00000                      15.16676                       1.00000                       0.00082                       0.00012
457.00000                      15.20009                       1.00000                       0.00092                       0.00012
458.00000                      15.23342                       2.00000                       0.00054                       0.00012
459.00000                      15.26676                       1.00000                       0.00068                       0.00012
460.00000                      15.30009                       1.00000                       0.00065                       0.00012
461.00000                      15.33342                       1.00000                       0.00073                       0.00012
462.00000                      15.36676                       1.00000                       0.00075                       0.00013
463.00000                      15.40009                       1.00000                       0.00087                       0.00013
464.00000                      15.43343                       1.00000                       0.00097                       0.00013
465.00000                      15.46676                       2.00000                       0.00062                       0.00013
466.00000                      15.50009                       1.00000                       0.00073                       0.00013
467.00000                      15.53343                       1.00000                       0.00077                       0.00013
468.00000                      15.56676                       1.00000                       0.00095                       0.00012
469.00000                      15.60009                       1.00000                       0.00094                       0.00012
470.00000                      15.63343                       1.00000                       0.00086                       0.00012
471.00000                      15.66676                       2.00000                       0.00057                       0.00012
472.00000                      15.70010                       1.00000                       0.00067                       0.00012
473.00000                      15.73343                       1.00000                       0.00060                       0.00012
474.00000                      15.76676                       1.00000                       0.00070                       0.00012
475.00000                      15.80010                       1.00000                       0.00077                       0.00012
476.00000                      15.83343                       1.00000                       0.00084                       0.00012
477.00000                      15.86677                       1.00000                       0.00094                       0.00012
478.00000                      15.90010                       2.00000                       0.00063                       0.00011
479.00000                      15.93343                       1.00000                       0.00075                       0.00011
480.00000                      15.96677                       1.00000                       0.00072                       0.00011
481.00000                      16.00010                       1.00000                       0.00085                       0.00011
482.00000                      16.03343                       1.00000                       0.00095                       0.00011
483.00000                      16.06676                       1.00000                       0.00092                       0.00010
484.00000                      16.10010                       2.00000                       0.00063                       0.00010
485.00000                      16.13343                       1.00000                       0.00065                       0.00010
486.00000                      16.16676                       1.00000                       0.00064                       0.00010
487.00000                      16.20010                       1.00000                       0.00076                       0.00010
488.00000                      16.23343                       1.00000                       0.00082                       0.00010
489.00000                      16.26676                       1.00000                       0.00084                       0.00010
490.00000                      16.30009                       1.00000                       0.00097                       0.00010
491.00000                      16.33343                       2.00000                       0.00068                       0.00010
492.00000                      16.36676                       1.00000                       0.00070                       0.00010
493.00000                      16.40009                       1.00000                       0.00072                       0.00010
494.00000                      16.43343                       1.00000                       0.00087                       0.00010
495.00000                      16.46676                       1.00000                       0.00097                       0.00010
496.00000                      16.50009                       2.00000                       0.00060                       0.00010
497.00000                      16.53342                       1.00000                       0.00063                       0.00010
498.00000                      16.56676                       1.00000                       0.00071                       0.00010
499.00000                      16.60009                       1.00000                       0.00089                       0.00010
500.00000                      16.63342                       2.00000                       0.00064                       0.00010
501.00000                      16.66676                       1.00000                       0.00073                       0.00010
502.00000                      16.70009                       1.00000                       0.00076                       0.00010
503.00000                      16.73342                       1.00000                       0.00083                       0.00010
504.00000                      16.76675                       1.00000                       0.00088                       0.00010
505.00000                      16.80009                       1.00000                       0.00099                       0.00010
506.00000                      16.83342                       2.00000                       0.00068                       0.00010
507.00000                      16.86675                       1.00000                       0.00079                       0.00010
508.00000                      16.90009                       1.00000                       0.00090                       0.00010
509.00000                      16.93342                       2.00000                       0.00066                       0.00010
510.00000                      16.96675                       1.00000                       0.00081                       0.00010
511.00000                      17.00008                       1.00000                       0.00078                       0.00010
512.00000                      17.03342                       1.00000                       0.00083                       0.00010
513.00000                      17.06675                       1.00000                       0.00094                       0.00010
514.00000                      17.10008                       2.00000                       0.00068                       0.00009
515.00000                      17.13342                       1.00000                       0.00087                       0.00009
516.00000                      17.16675                       1.00000                       0.00092                       0.00009
517.00000                      17.20008                       2.00000                       0.00066                       0.00009
518.00000                      17.23341                       1.00000                       0.00089                       0.00009
519.00000                      17.26675                       1.00000                       0.00080                       0.00009
520.00000                      17.30008                       1.00000                       0.00090                       0.00009
521.00000                      17.33341                       2.00000                       0.00067                       0.00009
522.00000                      17.36674                       1.00000                       0.00084                       0.00009
523.00000                      17.40008                       1.00000                       0.00086                       0.00009
524.00000                      17.43341                       2.00000                       0.00065                       0.00009
525.00000                      17.46674                       1.00000                       0.00082                       0.00009
526.00000                      17.50008                       1.00000                       0.00084                       0.00009
527.00000                      17.53341                       1.00000                       0.00091                       0.00009
528.00000                      17.56674                       2.00000                       0.00071                       0.00009
529.00000                      17.60007                       1.00000                       0.00093                       0.00009
530.00000                      17.63341                       2.00000                       0.00061                       0.00009
531.00000                      17.66674                       1.00000                       0.00092                       0.00009
532.00000                      17.70007                       1.00000                       0.00091                       0.00009
533.00000                      17.73341                       2.00000                       0.00059                       0.00009
534.00000                      17.76674                       1.00000                       0.00075                       0.00009
535.00000                      17.80007                       1.00000                       0.00079                       0.00009
536.00000                      17.83340                       1.00000                       0.00098                       0.00009
537.00000                      17.86674                       2.00000                       0.00073                       0.00009
538.00000                      17.90007                       1.00000                       0.00095                       0.00009
539.00000                      17.93340                       1.00000                       0.00098                       0.00009
540.00000                      17.96674                       2.00000                       0.00068                       0.00008
541.00000                      18.00007                       1.00000                       0.00087                       0.00008
542.00000                      18.03340                       1.00000                       0.00088                       0.00008
543.00000                      18.06673                       1.00000                       0.00088                       0.00008
544.00000                      18.10007                       2.00000                       0.00065                       0.00008
545.00000                      18.13340                       1.00000                       0.00088                       0.00008
546.00000                      18.16673                       1.00000                       0.00095                       0.00008
547.00000                      18.20007                       2.00000                       0.00064                       0.00008
548.00000                      18.23340                       1.00000                       0.00082                       0.00008
549.00000                      18.26673                       1.00000                       0.00084                       0.00008
550.00000                      18.30006                       1.00000                       0.00081                       0.00008
551.00000                      18.33340                       1.00000                       0.00089                       0.00008
552.00000                      18.36673                       2.00000                       0.00067                       0.00008
553.00000                      18.40006                       1.00000                       0.00087                       0.00008
554.00000                      18.43340                       1.00000                       0.00081                       0.00008
555.00000                      18.46673                       1.00000                       0.00091                       0.00008
556.00000                      18.50006                       1.00000                       0.00099                       0.00008
557.00000                      18.53339                       2.00000                       0.00060                       0.00008
558.00000                      18.56673                       1.00000                       0.00070                       0.00008
559.00000                      18.60006                       1.00000                       0.00071                       0.00008
560.00000                      18.63339                       1.00000                       0.00088                       0.00008
561.00000                      18.66673                       1.00000                       0.00096                       0.00008
562.00000                      18.70006                       2.00000                       0.00063                       0.00008
563.00000                      18.73339                       1.00000                       0.00073                       0.00008
564.00000                      18.76672                       1.00000                       0.00074                       0.00008
565.00000                      18.80006                       1.00000                       0.00097                       0.00007
566.00000                      18.83339                       1.00000                       0.00099                       0.00007
567.00000                      18.86672                       1.00000                       0.00096                       0.00007
568.00000                      18.90005                       2.00000                       0.00065                       0.00008
569.00000                      18.93339                       1.00000                       0.00081                       0.00008
570.00000                      18.96672                       1.00000                       0.00086                       0.00008
571.00000                      19.00005                       2.00000                       0.00049                       0.00008
572.00000                      19.03339                       1.00000                       0.00067                       0.00008
573.00000                      19.06672                       1.00000                       0.00058                       0.00008
574.00000                      19.10005                       1.00000                       0.00067                       0.00008
575.00000                      19.13338                       1.00000                       0.00074                       0.00008
576.00000                      19.16672                       1.00000                       0.00081                       0.00008
577.00000                      19.20005                       1.00000                       0.00091                       0.00007
578.00000                      19.23338                       2.00000                       0.00059                       0.00007
579.00000                      19.26672                       1.00000                       0.00063                       0.00007
580.00000                      19.30005                       1.00000                       0.00056                       0.00007
581.00000                      19.33338                       1.00000                       0.00067                       0.00007
582.00000                      19.36671                       1.00000                       0.00079                       0.00007
583.00000                      19.40005                       1.00000                       0.00098                       0.00007
584.00000                      19.43338                       2.00000                       0.00057                       0.00007
585.00000                      19.46671                       1.00000                       0.00067                       0.00007
586.00000                      19.50005                       1.00000                       0.00077                       0.00007
587.00000                      19.53338                       1.00000                       0.00096                       0.00007
588.00000                      19.56671                       2.00000                       0.00058                       0.00007
589.00000                      19.60004                       1.00000                       0.00065                       0.00007
590.00000                      19.63338                       1.00000                       0.00059                       0.00007
591.00000                      19.66671                       1.00000                       0.00079                       0.00007
592.00000                      19.70004                       1.00000                       0.00097                       0.00007
593.00000                      19.73338                       2.00000                       0.00063                       0.00007
594.00000                      19.76671                       1.00000                       0.00074                       0.00007
595.00000                      19.80004                       1.00000                       0.00083                       0.00007
596.00000                      19.83337                       1.00000                       0.00094                       0.00007
597.00000                      19.86671                       2.00000                       0.00061                       0.00007
598.00000                      19.90004                       1.00000                       0.00079                       0.00007
599.00000                      19.93337                       1.00000                       0.00077                       0.00006
600.00000                      19.96671                       1.00000                       0.00090                       0.00006
601.00000                      20.00004                       2.00000                       0.00057                       0.00006
602.00000                      20.03337                       1.00000                       0.00073                       0.00006
603.00000                      20.06670                       1.00000                       0.00073                       0.00006
604.00000                      20.10004                       1.00000                       0.00091                       0.00006
605.00000                      20.13337                       1.00000                       0.00096                       0.00006
606.00000                      20.16670                       2.00000                       0.00060                       0.00006
607.00000                      20.20004                       1.00000                       0.00076                       0.00006
608.00000                      20.23337                       1.00000                       0.00085                       0.00006
609.00000                      20.26670                       1.00000                       0.00086                       0.00006
610.00000                      20.30003                       2.00000                       0.00054                       0.00007
611.00000                      20.33337                       1.00000                       0.00068                       0.00007
612.00000                      20.36670                       1.00000                       0.00068                       0.00007
613.00000                      20.40003                       1.00000                       0.00083                       0.00006
614.00000                      20.43336                       1.00000                       0.00095                       0.00007
615.00000                      20.46670                       2.00000                       0.00051                       0.00007
616.00000                      20.50003                       1.00000                       0.00067                       0.00007
617.00000                      20.53336                       1.00000                       0.00076                       0.00007
618.00000                      20.56670                       1.00000                       0.00089                       0.00007
619.00000                      20.60003                       2.00000                       0.00050                       0.00007
620.00000                      20.63336                       1.00000                       0.00060                       0.00007
621.00000                      20.66669                       1.00000                       0.00059                       0.00007
622.00000                      20.70003                       1.00000                       0.00070                       0.00007
623.00000                      20.73336                       1.00000                       0.00077                       0.00007
624.00000                      20.76669                       1.00000                       0.00083                       0.00007
625.00000                      20.80003                       1.00000                       0.00098                       0.00007
626.00000                      20.83336                       2.00000                       0.00065                       0.00006
627.00000                      20.86669                       1.00000                       0.00071                       0.00006
628.00000                      20.90002                       1.00000                       0.00084                       0.00006
629.00000                      20.93336                       2.00000                       0.00040                       0.00006
630.00000                      20.96669                       1.00000                       0.00053                       0.00006
631.00000                      21.00002                       1.00000                       0.00041                       0.00006
632.00000                      21.03336                       1.00000                       0.00050                       0.00006
633.00000                      21.06669                       1.00000                       0.00057                       0.00006
634.00000                      21.10002                       1.00000                       0.00061                       0.00006
635.00000                      21.13335                       1.00000                       0.00066                       0.00006
636.00000                      21.16669                       1.00000                       0.00084                       0.00006
637.00000                      21.20002                       1.00000                       0.00096                       0.00006
638.00000                      21.23335                       2.00000                       0.00066                       0.00006
639.00000                      21.26669                       1.00000                       0.00060                       0.00006
640.00000                      21.30002                       1.00000                       0.00077                       0.00006
641.00000                      21.33335                       1.00000                       0.00090                       0.00006
642.00000                      21.36668                       2.00000                       0.00059                       0.00006
643.00000                      21.40002                       1.00000                       0.00055                       0.00006
644.00000                      21.43335                       1.00000                       0.00041                       0.00006
645.00000                      21.46668                       1.00000                       0.00047                       0.00006
646.00000                      21.50002                       1.00000                       0.00054                       0.00006
647.00000                      21.53335                       1.00000                       0.00057                       0.00006
648.00000                      21.56668                       1.00000                       0.00057                       0.00006
649.00000                      21.60001                       1.00000                       0.00070                       0.00006
650.00000                      21.63335                       1.00000                       0.00091                       0.00006
651.00000                      21.66668                       2.00000                       0.00074                       0.00006
652.00000                      21.70001                       1.00000                       0.00068                       0.00006
653.00000                      21.73335                       1.00000                       0.00083                       0.00006
654.00000                      21.76668                       1.00000                       0.00098                       0.00006
655.00000                      21.80001                       2.00000                       0.00051                       0.00006
656.00000                      21.83334                       1.00000                       0.00056                       0.00006
657.00000                      21.86668                       1.00000                       0.00043                       0.00006
658.00000                      21.90001                       1.00000                       0.00046                       0.00006
659.00000                      21.93334                       1.00000                       0.00055                       0.00006
660.00000                      21.96667                       1.00000                       0.00063                       0.00006
661.00000                      22.00001                       1.00000                       0.00070                       0.00006
662.00000                      22.03334                       1.00000                       0.00085                       0.00005
663.00000                      22.06667                       2.00000                       0.00059                       0.00005
664.00000                      22.10001                       1.00000                       0.00066                       0.00005
665.00000                      22.13334                       1.00000                       0.00076                       0.00005
