       22.13334        0.00000        0.00000        0.00000        0.00000        2.41421      100.00012        0.00000
       22.13334        0.57143        0.00000       -0.00000        0.00000        2.43031       56.55688        0.90274
       22.13334        1.14286        0.00000       -0.00003        0.00000        2.44803       51.94241        0.83747
       22.13334        1.71429        0.00000       -0.00004        0.00000        2.45938       52.30468        1.47793
       22.13334        2.28571        0.00000       -0.00005        0.00000        2.49755       52.09915        1.97322
       22.13334        2.85714        0.00000       -0.00005        0.00000        2.59027       51.90328        2.03108
       22.13334        3.42857        0.00000       -0.00003        0.00000        2.70692       51.34170        1.21551
       22.13334        4.00000        0.00000        0.00000        0.00000        2.75935       50.00005       -0.00000
       22.13334        0.00000        0.55556        0.00000        0.00000        2.71374       99.99996        0.79091
       22.13334        0.57143        0.55556       -0.21924        0.09527        2.71184       57.17855       -0.57092
       22.13334        1.14286        0.55556       -0.26964        0.05989        2.70732       52.51223        0.46674
       22.13334        1.71429        0.55556       -0.39146        0.13561        2.70260       52.70049       -0.13740
       22.13334        2.28571        0.55556       -0.47718        0.05683        2.71891       52.82058       -0.46271
       22.13334        2.85714        0.55556       -0.46338       -0.12072        2.79966       52.80206       -0.77735
       22.13334        3.42857        0.55556       -0.29573       -0.29354        2.93084       52.29147       -0.34159
       22.13334        4.00000        0.55556        0.00000       -0.00003        2.99971       49.99999        1.21792
       22.13334        0.00000        1.11111        0.00000       -0.00000        3.31174       99.99996        1.36037
       22.13334        0.57143        1.11111       -0.05463        0.22465        3.27467       64.54461       -1.05321
       22.13334        1.14286        1.11111       -0.17447        0.13013        3.22710       55.74026       -0.23245
       22.13334        1.71429        1.11111       -0.16816        0.16459        3.19857       54.01293       -0.85776
       22.13334        2.28571        1.11111       -0.13061        0.03256        3.18756       54.09701       -1.33153
       22.13334        2.85714        1.11111       -0.07929       -0.21485        3.25789       54.05358       -1.54615
       22.13334        3.42857        1.11111       -0.05610       -0.49083        3.42672       53.72222       -1.15110
       22.13334        4.00000        1.11111        0.00000       -0.00003        3.53223       49.99999        2.15721
       22.13334        0.00000        1.66667        0.50000       -0.00000        3.96449       74.99996       -0.79098
       22.13334        0.57143        1.66667        0.56857        0.22148        3.89393       63.19653       -1.99825
       22.13334        1.14286        1.66667        0.47912        0.12752        3.79656       57.17996       -1.97225
       22.13334        1.71429        1.66667        0.48015        0.05054        3.75176       55.27563       -1.77319
       22.13334        2.28571        1.66667        0.52406       -0.07208        3.74706       54.99224       -1.61952
       22.13334        2.85714        1.66667        0.50820       -0.23673        3.82763       54.43759       -1.41678
       22.13334        3.42857        1.66667        0.43744       -0.41613        3.99125       54.15872       -1.37154
       22.13334        4.00000        1.66667        0.36667       -0.00002        1.91219       51.20739        0.44281
       22.13334        0.00000        2.22222        1.00000       -0.00000        4.60566       49.99999        0.71151
       22.13334        0.57143        2.22222        1.07703        0.19359        4.53837       52.83819       -0.10000
       22.13334        1.14286        2.22222        1.08217        0.16574        4.43422       53.63513       -0.35726
       22.13334        1.71429        2.22222        1.04859        0.07103        4.38811       53.68417       -0.71556
       22.13334        2.28571        2.22222        1.01437       -0.04461        4.40265       53.65820       -0.53719
       22.13334        2.85714        2.22222        0.92380       -0.18159        4.49248       53.13085       -0.74346
       22.13334        3.42857        2.22222        0.78988       -0.29635        4.61484       52.91000       -0.26271
       22.13334        4.00000        2.22222        0.78993       -0.31319        0.00000       51.75012       -0.20359
       22.13334        0.00000        2.77778        1.00000       -0.00001        5.11284       49.99999        0.27595
       22.13334        0.57143        2.77778        1.05070        0.08255        5.08709       50.29052        0.17385
       22.13334        1.14286        2.77778        1.09786        0.09706        5.04178       50.72540        0.27507
       22.13334        1.71429        2.77778        1.10925        0.05877        5.02328       51.01791        0.05742
       22.13334        2.28571        2.77778        1.06895       -0.00858        5.05022       51.21368        0.14000
       22.13334        2.85714        2.77778        0.98747       -0.07735        5.12972       51.11111       -0.00515
       22.13334        3.42857        2.77778        0.82982       -0.10839        5.22054       51.12811        0.12804
       22.13334        4.00000        2.77778        0.82986       -0.08885        0.00000       50.76782        0.06016
       22.13334        0.00000        3.33333        1.00000        0.00000        5.55726       49.99999        0.13262
       22.13334        0.57143        3.33333        0.99213        0.03205        5.56088       49.99987        0.02958
       22.13334        1.14286        3.33333        0.99534        0.04307        5.56706       50.07470        0.19077
       22.13334        1.71429        3.33333        0.99566        0.03361        5.57982       50.15789        0.08759
       22.13334        2.28571        3.33333        0.96096        0.00793        5.61366       50.25808        0.18706
       22.13334        2.85714        3.33333        0.89857       -0.01593        5.67312       50.24673        0.06267
       22.13334        3.42857        3.33333        0.79719       -0.00070        5.73225       50.34570        0.19661
       22.13334        4.00000        3.33333        0.79719        0.03910        0.00000       50.30313        0.05792
       22.13334        0.00000        3.88889        1.00000        0.00001        6.01262       49.99999        0.07347
       22.13334        0.57143        3.88889        0.97354        0.01402        6.02632       49.99420       -0.00755
       22.13334        1.14286        3.88889        0.94582        0.02069        6.05253       50.00390        0.09431
       22.13334        1.71429        3.88889        0.92652        0.01921        6.07980       50.01336        0.01621
       22.13334        2.28571        3.88889        0.88850        0.01241        6.11492       50.04128        0.10527
       22.13334        2.85714        3.88889        0.84307        0.00765        6.15872       50.03356        0.00548
       22.13334        3.42857        3.88889        0.77900        0.03734        6.19674       50.08404        0.15775
       22.13334        4.00000        3.88889        0.77895        0.08020        0.00000       50.09921        0.00823
       22.13334        0.00000        4.44444        1.00000        0.00000        6.47964       49.99999        0.03570
       22.13334        0.57143        4.44444        0.96776        0.00546        6.49693       49.99832       -0.01270
       22.13334        1.14286        4.44444        0.92813        0.00926        6.53011       50.00005        0.04708
       22.13334        1.71429        4.44444        0.90235        0.00951        6.56194       49.99978       -0.01121
       22.13334        2.28571        4.44444        0.86078        0.00880        6.59538       50.00540        0.05024
       22.13334        2.85714        4.44444        0.82756        0.00966        6.62868       50.00097       -0.01903
       22.13334        3.42857        4.44444        0.78060        0.03299        6.65440       50.01550        0.09148
       22.13334        4.00000        4.44444        0.78052        0.06308        0.00000       50.02538       -0.01358
       22.13334        0.00000        5.00000        1.00000        0.00000        6.71544       49.99999        0.03567
       22.13334        0.57143        5.00000        0.96667        0.00545        6.73367       49.99999       -0.01658
       22.13334        1.14286        5.00000        0.92336        0.00930        6.76863       49.99999        0.03007
       22.13334        1.71429        5.00000        0.89745        0.00953        6.80140       49.99999       -0.02940
       22.13334        2.28571        5.00000        0.85420        0.00870        6.83380       49.99999        0.02627
       22.13334        2.85714        5.00000        0.82624        0.00961        6.86315       49.99999       -0.02290
       22.13334        3.42857        5.00000        0.78437        0.03305        6.88459       49.99999        0.10534
       22.13334        4.00000        5.00000        0.78433        0.06311        0.00000       49.99999        0.00000
